Zip Codes in Cluster: 0
10040, 10025, 10026, 10027, 10029, 10030, 10451, 10032, 10033, 10454, 10034, 10035, 10455, 11216, 10039
Zip Codes in Cluster: 1
10001, 10301, 11101, 11102, 10022, 11103, 10023, 10024, 11205, 11105, 11366, 10128, 10028, 11249, 10010, 10011, 10012, 11372, 10013, 10014, 10036, 10016, 10038, 10019
Zip Codes in Cluster: 2
11226, 10467, 10468, 10031, 10452, 10453, 10456, 10457, 10458
Zip Codes in Cluster: 3
10280, 10120, 10020, 11360, 11040, 10000, 10281, 10041, 11001, 10121, 10021, 11422, 10302, 10122, 10282, 11242, 10162, 11362, 11363, 10303, 10123, 10103, 11224, 10004, 11364, 10464, 11104, 10044, 11004, 10105, 12345, 10005, 11365, 10165, 10065, 11005, 10045, 10106, 10006, 11426, 11427, 10307, 10107, 10167, 10007, 11367, 10168, 11428, 10308, 10169, 11109, 10069, 11429, 10110, 11370, 10170, 11430, 10470, 10310, 11251, 11411, 10111, 10271, 11371, 10171, 10471, 10151, 10152, 10112, 11232, 10172, 11692, 10153, 11693, 10174, 10474, 10154, 11414, 10115, 10075, 10475, 11415, 10055, 11436, 10037, 10177, 10017, 11697, 10158, 10118, 10278, 10018, 10178, 11359, 10279, 11239, 10119
Zip Codes in Cluster: 4
10460, 10462, 11203, 10463, 11225, 10466, 11207, 11208, 11230, 11212, 11233, 11213, 10459
Zip Codes in Cluster: 5
11201, 11222, 10002, 10003, 10009, 11211, 11215, 11217, 11238
Zip Codes in Cluster: 6
11221, 11385, 11206, 10472, 11237
Zip Codes in Cluster: 7
11220, 11420, 11361, 11421, 10461, 11423, 11223, 11204, 10304, 10465, 10305, 10306, 11106, 11368, 11228, 11209, 11369, 10309, 10469, 11229, 11210, 11231, 11691, 10312, 11432, 11412, 11433, 10473, 11413, 11373, 11694, 11374, 11214, 11434, 11354, 10314, 11234, 11235, 11375, 11435, 11355, 11416, 11236, 11356, 11417, 11377, 11357, 11358, 11418, 11378, 11218, 11379, 11219, 11419
