Zip Codes in Cluster: 0
11418, 10305, 11365, 11692, 10312, 11411, 11231, 10309, 10302, 10306, 11433, 11434, 11361, 11414, 11106, 11423, 11375, 11357, 10303, 11429, 10304, 10473, 11356, 11358, 11416, 10310, 11417, 11232, 11354, 11694, 10308, 11413, 11369, 11228, 11379, 11374, 11364, 11370, 11428, 11422, 10465, 11412, 11367
Zip Codes in Cluster: 1
10278, 10041, 11251, 10174, 10119, 11430, 10103, 11005, 11224, 10464, 10065, 10111, 10169, 10000, 10158, 10123, 11242, 10152, 10168, 10154, 10020, 10281, 11426, 11436, 11239, 10075, 10280, 11371, 10018, 10165, 11360, 10037, 11415, 10021, 10045, 10172, 10162, 10120, 10475, 11359, 10005, 10069, 11697, 10115, 11104, 10167, 11362, 10151, 10307, 11040, 10282, 10110, 10177, 11693, 12345, 10044, 11001, 10171, 10112, 10006, 10105, 10007, 10004, 10121, 10178, 10118, 10474, 10055, 10153, 11427, 11109, 11363, 11004, 10107, 10271, 10017, 10106, 10038, 10470, 10170, 10279, 10471, 10122
Zip Codes in Cluster: 2
10030, 11225, 10025, 10459, 10454, 10460, 10029, 10026, 10462, 11212, 10027, 10040, 10451, 10455, 10039, 11372, 10463, 11233, 11213, 10035
Zip Codes in Cluster: 3
11368, 11385, 11203, 11207, 10466, 11208
Zip Codes in Cluster: 4
10456, 10458, 10457, 10453, 11226, 10452, 10468, 10467
Zip Codes in Cluster: 5
11420, 11419, 11210, 11236, 11215, 11355, 11378, 11229, 11230, 11214, 11204, 11223, 11435, 11421, 10461, 11432, 10314, 11373, 11218, 11235, 11209, 11691, 10469, 11234, 11101, 11377, 11220, 11219
Zip Codes in Cluster: 6
11221, 10033, 10009, 10034, 10031, 11237, 10472, 11211, 11216, 10002, 11238, 11206, 10032
Zip Codes in Cluster: 7
10036, 10014, 10010, 10003, 11205, 10024, 10001, 10019, 11366, 11249, 10016, 10023, 10013, 10301, 10011, 10028, 11217, 11105, 11222, 11103, 10012, 11201, 10128, 11102, 10022
